figPAPR.m
Mlist=[1024,16];
paprCos = [10.49, 6.0956];
paprOFDM = [9.72, 4.9718]; %dbW

